Accuracy: 0.9019607843137255
F1 Score: 0.9002486649545471
Recall: 0.9019607843137255
Precision: 0.9054209919261822
